x1=0.148331+0.000000i
x2=-1.348331+0.000000i
x1=0.672604+0.000000i
x2=-1.672604+0.000000i
x1=-0.500000+0.866025i
x2=-0.500000+-0.866025i
x1=3.414214+0.000000i
x2=0.585786+0.000000i
